[-6.140010958685313e-07, -0.0, 0.1221718592002057] 
[0.0029055270454433606, -2.4345607266385016e-05, 0.12783517098445588],
[0.008666794101162735, -9.716941823989522e-05, 0.13915163139634837],
[0.015090233168522045, -0.00021792296413192247, 0.1519130382136116],
[0.02165814892101712, -0.00038622282383604656, 0.16512449366130902],
[0.028223327106453443, -0.000601712898106399, 0.17850186565915818],
[0.03472959473303158, -0.0008640176979268777, 0.1919356123138363],
[0.04115245951921595, -0.001172741315004222, 0.2053770954331167],
[0.04747729056629056, -0.0015276488505824304, 0.2187966361965661],
[0.05369748375023204, -0.0019283916826797753, 0.23217982240964988],
[0.05980799963698748, -0.0023746887973934427, 0.24551563433173243],
[0.06580694112486533, -0.002866326561101973, 0.2587986816509711],
[0.07169107461706689, -0.003403064979514925, 0.272021397115634],
[0.0774586358243227, -0.003984729102241458, 0.2851788917744267],
[0.08310879719026429, -0.004611070476445045, 0.29826819624932877],
[0.08864083023349532, -0.005281903532033061, 0.31128656242811625],
[0.09405329977436437, -0.005997103704657114, 0.32422973807571753],
[0.09934612796870282, -0.006756563010579919, 0.33709636815487287],
[0.10451824060481756, -0.007560047052532326, 0.3498829478280425],
[0.10956915091833426, -0.00840752001166778, 0.36258747419489734],
[0.1144983474152362, -0.009298864839637266, 0.3752074787700981],
[0.11930549942582003, -0.010233975824262442, 0.3877412140950056],
[0.1239900474407755, -0.011212755913367012, 0.40018633480446586],
[0.12855139515137634, -0.012235162924521426, 0.41254052899279503],
[0.13298968832435382, -0.013301071266591746, 0.42480284003090607],
[0.1373037484794203, -0.014410449940444492, 0.43696986488075873],
[0.14149365355201005, -0.015563231427949686, 0.44904063000201977],
[0.14555899780317538, -0.016759349771611864, 0.46101306354683413],
[0.14949920750846948, -0.01799878863559612, 0.47288504508748175],
[0.15331414021034193, -0.019281441131084875, 0.48465511571376196],
[0.1570032729915094, -0.02060734075030335, 0.4963211750864496],
[0.16056652112507186, -0.0219763810563689, 0.5078817957043873],
[0.16400307408192966, -0.023388496389759927, 0.5193345111809837],
[0.16731307034481185, -0.02484362504788651, 0.5306783276799594],
[0.1704958618089857, -0.02634178993126257, 0.5419108194996822],
[0.17355144306134146, -0.02788282512626883, 0.5530309876555084],
[0.1764789867257871, -0.029466739061980496, 0.5640360543681859],
[0.17927877862416192, -0.03109345096545435, 0.5749253931722131],
[0.18195016785140244, -0.0327628114732359, 0.5856967439774798],
[0.18449293561117475, -0.03447476070353628, 0.5963483074428948],
[0.1869067849037505, -0.03622918173615974, 0.6068785833453727],
[0.18919141449482962, -0.03802594253263103, 0.6172857799180156],
[0.1913467033566728, -0.0398649498103405, 0.6275684427078103],
[0.1933724899229855, -0.04174604727354758, 0.6377251216742839],
[0.1952681551637095, -0.0436690504624031, 0.6477533711648922],
[0.19703391826168434, -0.04563377803383939, 0.6576524562350727],
[0.1986691816851749, -0.04764005833849505, 0.6674199410748429],
[0.20017394254927012, -0.0496876681751075, 0.6770547220693584],
[0.20154830516424338, -0.05177631224405199, 0.6865555184704857],
[0.20279154668267418, -0.05390575408340936, 0.695919878038642],
[0.2039038046963164, -0.05607575637943496, 0.7051467315364539],
[0.20488508110911363, -0.05828600411641194, 0.7142347284193991],
[0.20573510530276934, -0.06053609578270658, 0.7231819656418106],
[0.20645361764693704, -0.06282570688081934, 0.7319867247724894],
[0.2070408054864291, -0.06515450014600743, 0.7406479553240295],
[0.20749662746015776, -0.06752194784214072, 0.7491641436711507],
[0.20782090607690215, -0.06992774308665672, 0.7575335663401568],
[0.20801356029421145, -0.07237134772551723, 0.7657546779040099],
[0.2080748085035419, -0.07485220138324888, 0.7738263084898149],
[0.20800441876226972, -0.0773698525505857, 0.7817467516648813],
[0.2078025658259163, -0.07992372142486714, 0.7895146012466931],
[0.20746945755989946, -0.08251315581676288, 0.7971288870359194],
[0.20700480122695608, -0.085137591038831, 0.8045875097379136],
[0.20640920788678085, -0.08779626851162181, 0.8118899614219315],
[0.20568244086242737, -0.0904885539320226, 0.8190342007313121],
[0.20482477322763631, -0.09321370890341418, 0.8260192851918136],
[0.20383645896731367, -0.09597094658878702, 0.8328439097958331],
[0.20271765613936674, -0.09875938917279181, 0.839506753969532],
[0.20146868914242508, -0.10157828910669342, 0.8460066937269846],
[0.20008967598594213, -0.10442674617385705, 0.8523423725992691],
[0.19858100448410168, -0.10730377763430621, 0.8585126507557812],
[0.19694293027885243, -0.11020852470092257, 0.8645163894883197],
[0.1951758019953531, -0.11313986977401091, 0.8703523192926916],
[0.19328016269222598, -0.11609690586934307, 0.8760198335794798],
[0.191256266529266, -0.11907853737894247, 0.8815174094862452],
[0.18910463254730533, -0.1220836729157293, 0.886844348979688],
[0.18682563895055895, -0.12511110390722835, 0.8919994367101005],
[0.18441978551694263, -0.12815976664454665, 0.8969817723268025],
[0.1818877956275425, -0.13122846756976636, 0.9017906863101606],
[0.17922999026035674, -0.13431589343570938, 0.9064249786138083],
[0.17644708669901565, -0.13742084782330544, 0.9108841267034922],
[0.17353966652331249, -0.1405420716234249, 0.9151670886726466],
[0.1705084636956805, -0.1436781406400518, 0.9192733404191629],
[0.16735405707825513, -0.14682786282589722, 0.9232021010599671],
[0.16407727543491485, -0.1499897446570191, 0.9269526702346174],
[0.16067870228412084, -0.15316248789304, 0.9305243420060061],
[0.15715936203408132, -0.15634457928784662, 0.9339168869117291],
[0.1535198388839793, -0.15953470836932682, 0.9371293297455499],
[0.14976116185841082, -0.1627313302278719, 0.9401616273843365],
[0.14588420894608084, -0.1659330146095952, 0.9430132739655532],
[0.1418897326574674, -0.16913824170115221, 0.9456835915231838],
[0.13777890271226523, -0.17234553454504065, 0.9481726492371425],
[0.13355258335962122, -0.1755534606187572, 0.9504798390136993],
[0.12921188449181392, -0.1787604094944233, 0.95260529818943],
[0.12475776323877508, -0.18196488120727472, 0.954548576940905],
[0.12019134203860538, -0.18516534905453774, 0.9563096757058223],
[0.11551392936032284, -0.1883603512467591, 0.9578887369221742],
[0.11072643999098114, -0.19154831819299445, 0.9592853911511539],
[0.10583012435077332, -0.19472767464021934, 0.9604998565394871],
[0.10082637259497984, -0.19789701111379832, 0.9615322664263986],
[0.09571632957459919, -0.20105476607605421, 0.9623829281985967],
[0.09050138884512476, -0.20419946639037856, 0.9630518245862503],
[0.08518276438134698, -0.20732957416988795, 0.963539374368273],
[0.07976199417903229, -0.21044373053515653, 0.9638459492526061],
[0.0742405448316032, -0.21354043643081733, 0.9639721179859346],
[0.06861962121415349, -0.2166182148472131, 0.9639179756627325],
[0.06290089849450281, -0.21967573072274726, 0.9636842569941335],
[0.05708592727300765, -0.22271160624039332, 0.9632716531342627],
[0.05117618645482913, -0.22572450872400007, 0.9626805496638575],
[0.04517334576021487, -0.22871302730016652, 0.9619119907849989],
[0.03907893245972488, -0.23167594167423045, 0.9609664258565307],
[0.03289482720527748, -0.23461202966102102, 0.9598450725017942],
[0.02662259103141673, -0.23752002833511554, 0.958548543543895],
[0.020263980115939162, -0.24039879542044718, 0.9570777361465754],
[0.013820946439066839, -0.24324711160023416, 0.9554340977575688],
[0.007295080399962406, -0.24606398249249195, 0.9536182406558071],
[0.000688523142413966, -0.2488482725507679, 0.9516317364795934],
[-0.00599706150029744, -0.25159904599391925, 0.9494755835924436],
[-0.012759521680394459, -0.25431522294774256, 0.9471512035969025],
[-0.01959704825990627, -0.25699601960157903, 0.9446597506086329],
[-0.026507545769672236, -0.25964046183196476, 0.9420028734464958],
[-0.0334889310574259, -0.2622477504921008, 0.9391819056982584],
[-0.04053903674629539, -0.264817182500273, 0.9361986207040414],
[-0.047655950230995836, -0.26734791928540114, 0.9330543215527751],
[-0.05483726958770785, -0.26983931030317976, 0.9297510028418008],
[-0.062080827576929676, -0.2722908266695532, 0.9262903786504812],
[-0.06938437930278896, -0.2747018079358883, 0.9226741741090871],
[-0.07674563724694927, -0.27707173950256814, 0.9189044697211568],
[-0.08416228057452907, -0.2794001005449809, 0.9149829843645298],
[-0.09163192806088138, -0.2816865981777814, 0.9109119816285152],
[-0.09915202158198855, -0.2839307420266768, 0.9066936751404138],
[-0.10672026333728335, -0.28613228810607616, 0.9023300938245165],
[-0.11433395769154697, -0.2882909191559875, 0.8978237281775046],
[-0.12199073240850555, -0.29040636802284236, 0.8931767245831927],
[-0.12968794058933747, -0.2924785654135331, 0.8883915751389104],
[-0.13742297368692663, -0.2945073065915851, 0.8834707828541888],
[-0.14519298342909448, -0.29649251282164113, 0.8784171041380653],
[-0.15299525116238738, -0.2984341528287038, 0.8732334023763839],
[-0.1608273057467549, -0.3003322439651337, 0.8679218105504998],
[-0.16868582091426837, -0.30218682480119585, 0.8624861124099705],
[-0.17656822206826983, -0.30399799640080216, 0.856928632026942],
[-0.18447155000146553, -0.3057658476606049, 0.8512526887443752],
[-0.1923925169468202, -0.3074905706687048, 0.8454617647579046],
[-0.20032846158390794, -0.3091723960286139, 0.8395586046673491],
[-0.2082759706312442, -0.3108115514713792, 0.8335470646361867],
[-0.21623188882937655, -0.3124082380672195, 0.8274306575553758],
[-0.22419317580697384, -0.31396286653957506, 0.8212126464032361],
[-0.23215637612991608, -0.31547567454309244, 0.8148970220970251],
[-0.24011792469742232, -0.31694711406298715, 0.8084880375156811],
[-0.24807460525417857, -0.3183775738885464, 0.8019893905249635],
[-0.2560228625845782, -0.31976739279154875, 0.7954052054033716],
[-0.26395893064337483, -0.32111702970982026, 0.7887400743596145],
[-0.27187891435444056, -0.322427034957258, 0.7819988648054605],
[-0.2797795707805625, -0.323697816005861, 0.7751853228225294],
[-0.28765654191342616, -0.3249298891810386, 0.7683049697795237],
[-0.29550585257860323, -0.32612377780748325, 0.7613630010933303],
[-0.30332356087078993, -0.32727999922007656, 0.7543641903860887],
[-0.31110524787794636, -0.32839915038435064, 0.7473145079801224],
[-0.31884668378225667, -0.32948173179228113, 0.7402192613453964],
[-0.32654337875570777, -0.3305283110573083, 0.733084454959773],
[-0.3341906235374576, -0.3315395262898706, 0.7259164020572373],
[-0.34178359867412117, -0.33251595523468835, 0.7187215757795451],
[-0.3493176702543992, -0.3334581436970334, 0.711506401884406],
[-0.3567874827220089, -0.33436676122257025, 0.7042781525295545],
[-0.3641880649613373, -0.335242288178069, 0.6970436885382327],
[-0.3715136545174343, -0.3360853907235948, 0.6898113289375518],
[-0.3787589085316688, -0.33689668808825024, 0.6825883668986223],
[-0.38591795020977226, -0.3376766936011275, 0.6753834443219662],
[-0.39298495133051153, -0.33842604521969033, 0.6682047708279388],
[-0.39995328672581487, -0.3391453924815251, 0.6610620769836688],
[-0.4068170291366843, -0.33983521574972975, 0.6539639887272413],
[-0.4135691304837184, -0.3404960852357177, 0.6469209405326002],
[-0.42020292701209694, -0.3411286122809367, 0.639942749861955],
[-0.4267110389391212, -0.34173332549472346, 0.6330405093335518],
[-0.4330864083660874, -0.3423107513808763, 0.6262248115836144],
[-0.439321167356958, -0.3428614301259727, 0.6195074718315203],
[-0.4454072967723538, -0.3433858931730276, 0.6129008237733224],
[-0.45133704082712595, -0.34388459554411765, 0.6064165018918575],
[-0.45710162799344217, -0.3443580193961082, 0.6000680985196281],
[-0.4626925829542164, -0.3448066345333749, 0.5938686213728099],
[-0.46810094465952334, -0.34523087516263984, 0.5878318684650206],
[-0.4733177601363962, -0.3456311347815657, 0.581971815304209],
[-0.47833327832213834, -0.34600785109439314, 0.5763035028668633],
[-0.48313849905207834, -0.3463614272651758, 0.5708410334448584],
[-0.4877234587981904, -0.3466921306622579, 0.5655998413806167],
[-0.4920785031638317, -0.347000324352285, 0.5605951655249484],
[-0.4961937192600322, -0.3472863396308148, 0.5558423163320454],
[-0.5000591958290683, -0.34755044591671846, 0.5513568564463631],
[-0.5036649520890394, -0.3477928462398716, 0.5471544731649771],
[-0.507001206151129, -0.3480137884377783, 0.5432503571247087],
[-0.5100587488328218, -0.34821338139429003, 0.5396587735652985],
[-0.512827535363246, -0.3483919048616231, 0.536395344676883],
[-0.5152989431700307, -0.34854940394333567, 0.5334734208395473],
[-0.5174637330578885, -0.348685968017459, 0.530907225049597],
[-0.5193140586464144, -0.34880166922742073, 0.528708525663687],
[-0.5208420705432839, -0.3488964784248656, 0.5268892308566759],
[-0.5220405698230804, -0.34897036465537146, 0.5254599687538131],
[-0.5229032111810562, -0.34902329621084505, 0.5244299824195668],
[-0.5234242151090017, -0.3490552234331119, 0.523807449901678],
[-0.5235988022453764, -0.3490658699725251, 0.5235987622614575],